C1:1
C2:1
C3:1
C4:1
C5:1
D1:1
D10:1
D11:1
D12:1
D13:1
D14:1
D15:1
D16:1
D17:1
D18:1
D19:1
D2:1
D20:1
D21:1
D3:1
D4:1
D5:1
D6:1
D7:1
D8:1
D9:1
F1:1
J1:1
JP1:1
LED1:1
LED10:1
LED11:1
LED12:1
LED13:1
LED14:1
LED15:1
LED16:1
LED17:1
LED18:1
LED19:1
LED2:1
LED20:1
LED21:1
LED22:1
LED3:1
LED4:1
LED5:1
LED6:1
LED7:1
LED8:1
LED9:1
MX1:1
MX10:1
MX11:1
MX12:1
MX13:1
MX14:1
MX15:1
MX16:1
MX17:1
MX18:1
MX19:1
MX2:1
MX20:1
MX21:1
MX3:1
MX4:1
MX5:1
MX6:1
MX7:1
MX8:1
MX9:1
R1:1
R2:1
R3:1
R4:1
STAB1:1
STAB2:1
STAB3:1
SW1:1
U1:1
U2:1
U3:1
UNDER1:1
UNDER10:1
UNDER11:1
UNDER12:1
UNDER2:1
UNDER3:1
UNDER4:1
UNDER5:1
UNDER6:1
UNDER7:1
UNDER8:1
UNDER9:1
Y1:1
